[normalconfronto2.jpg]
moddate=0000b68fa2dadae9
width=4936
height=1871
text=2;141;1;t;Avenir Next Ultra Light;0.377004,0.025556,0.077264,6.283185;v1,4293454056,4285295724,128.000000,1.000000,0.250000,1.000000,400,258,49152;;141;1;t;Avenir Next Ultra Light;0.868417,0.024812,0.078463,6.283185;v1,4293454056,4283650899,128.000000,1.000000,0.149533,1.000000,400,258,49152;;
textactive=1
[normalconfronto.jpg]
moddate=0000b390a2da38fd
width=5106
height=1909
text=2;141;1;t;Avenir Next Ultra Light;0.375290,0.025435,0.077454,0.000000;v1,4293454056,4281742902,128.000000,1.000000,0.121495,1.000000,400,258,49152;;141;1;t;Avenir Next Ultra Light;0.864788,0.024876,0.078573,6.283185;v1,4293454056,4283387727,128.000000,1.000000,0.121495,1.000000,400,258,49152;;
textactive=1
[collage.jpg]
moddate=00000191a2da9e17
width=4145
height=3186
text=2;141;1;t;Avenir Next Ultra Light;0.394628,0.006628,0.038943,6.283185;v1,4293454056,4283387727,128.000000,1.000000,0.121495,1.000000,400,258,49152;;141;1;t;Avenir Next Ultra Light;0.865364,0.006037,0.038889,0.000000;v1,4293454056,4283387727,128.000000,1.000000,0.121495,1.000000,400,258,49152;;
textactive=1
